街区距离：
[6, 2, 1, 5, 9, 13, 14, 15, 11, 12]
[2, 3, 1, 1, 1, 0, 0, 2, 0, 1]
time used: 0.0009965896606445312 s
memory used: 14544896

[7, 2, 4, 3, 2, 7, 11, 15, 14, 10, 9, 5, 1, 2, 3, 4, 8, 12]
[2, 0, 2, 3, 1, 1, 1, 3, 2, 3, 2, 2, 0, 0, 0, 1, 1, 1]
time used: 0.07579755783081055 s
memory used: 14888960

[15, 8, 10, 6, 1, 5, 9, 13, 14, 10, 7, 3, 2, 1, 5, 9, 13, 14, 10, 15, 11, 12, 15, 11, 12]
[2, 3, 3, 3, 1, 1, 0, 2, 0, 2, 2, 3, 3, 1, 1, 1, 0, 2, 0, 0, 1, 3, 2, 0, 1]
time used: 0.04487752914428711 s
memory used: 14876672

[9, 14, 13, 9, 10, 5, 2, 1, 5, 6, 3, 8, 4, 3, 7, 11, 15]
[1, 3, 2, 0, 2, 2, 3, 1, 0, 0, 0, 2, 3, 1, 1, 1, 0]
time used: 0.00997304916381836 s
memory used: 14876672


极大距离：
[6, 2, 1, 5, 9, 13, 14, 15, 11, 12]
[2, 3, 1, 1, 1, 0, 0, 2, 0, 1]
time used: 0.000997304916381836 s
memory used: 14536704

[7, 2, 4, 3, 2, 7, 11, 15, 14, 10, 9, 5, 1, 2, 3, 4, 8, 12]
[2, 0, 2, 3, 1, 1, 1, 3, 2, 3, 2, 2, 0, 0, 0, 1, 1, 1]
time used: 0.3670384883880615 s
memory used: 15589376

[15, 8, 10, 6, 1, 5, 9, 13, 14, 15, 11, 12, 15, 10, 7, 3, 2, 1, 5, 9, 13, 14, 10, 11, 12]
[2, 3, 3, 3, 1, 1, 0, 2, 0, 0, 1, 3, 2, 2, 2, 3, 3, 1, 1, 1, 0, 2, 0, 0, 1]
time used: 2.528231382369995 s
memory used: 17506304

[9, 14, 13, 9, 10, 5, 2, 1, 5, 6, 3, 8, 4, 3, 7, 11, 15]
[1, 3, 2, 0, 2, 2, 3, 1, 0, 0, 0, 2, 3, 1, 1, 1, 0]
time used: 0.028923511505126953 s
memory used: 16195584

数字不在对应位置的个数：
[6, 2, 1, 5, 9, 13, 14, 15, 11, 12]
[2, 3, 1, 1, 1, 0, 0, 2, 0, 1]
time used: 0.0009968280792236328 s
memory used: 14680064

[7, 2, 4, 3, 2, 7, 11, 15, 14, 10, 9, 5, 1, 2, 3, 4, 8, 12]
[2, 0, 2, 3, 1, 1, 1, 3, 2, 3, 2, 2, 0, 0, 0, 1, 1, 1]
time used: 1.1195306777954102 s
memory used: 16781312

[15, 8, 10, 6, 1, 5, 9, 13, 14, 10, 7, 3, 2, 1, 5, 9, 13, 14, 10, 15, 11, 12, 15, 11, 12]
[2, 3, 3, 3, 1, 1, 0, 2, 0, 2, 2, 3, 3, 1, 1, 1, 0, 2, 0, 0, 1, 3, 2, 0, 1]
time used: 562.2557275295258 s
memory used: 18587648

[9, 14, 13, 9, 10, 5, 2, 1, 5, 6, 3, 8, 4, 3, 7, 11, 15]
[1, 3, 2, 0, 2, 2, 3, 1, 0, 0, 0, 2, 3, 1, 1, 1, 0]
time used: 0.0388944149017334 s
memory used: 17276928


欧式距离：
C:\Users\Jing\Desktop\lab7\code>python A_star.py
[6, 2, 1, 5, 9, 13, 14, 15, 11, 12]
[2, 3, 1, 1, 1, 0, 0, 2, 0, 1]
time used: 0.000997304916381836 s
memory used: 14528512

[7, 2, 4, 3, 2, 7, 11, 15, 14, 10, 9, 5, 1, 2, 3, 4, 8, 12]
[2, 0, 2, 3, 1, 1, 1, 3, 2, 3, 2, 2, 0, 0, 0, 1, 1, 1]
time used: 0.10073065757751465 s
memory used: 14991360

[15, 8, 10, 6, 1, 5, 9, 13, 14, 10, 7, 3, 2, 1, 5, 9, 13, 14, 10, 12, 11, 15, 12, 11, 15]
[2, 3, 3, 3, 1, 1, 0, 2, 0, 2, 2, 3, 3, 1, 1, 1, 0, 2, 0, 1, 0, 2, 3, 1, 0]
time used: 0.29970479011535645 s
memory used: 15519744

[9, 14, 13, 9, 10, 5, 2, 1, 5, 6, 3, 8, 4, 3, 7, 11, 15]
[1, 3, 2, 0, 2, 2, 3, 1, 0, 0, 0, 2, 3, 1, 1, 1, 0]
time used: 0.01196742057800293 s
memory used: 15257600
