13 10 8 6 9 12 5 13 10 8 12 15 14 5 13 12 15 14 5 13 14 9 4 11 3 1 6 4 11 3 1 6 4 2 8 10 12 15 10 8 7 4 2 11 3 5 9 10 11 3 6 2 3 7 8 12 
23231100233310023310223200133200101132022313310023201011
time used:507.993s

6 10 9 4 14 9 4 1 10 4 1 3 2 14 9 1 3 2 5 11 8 6 4 3 2 5 13 12 14 13 12 7 11 12 7 14 13 9 5 10 6 8 12 7 10 6 7 11 15 
3 3 1 3 2 0 1 0 2 3 1 1 3 2 2 0 1 1 0 0 2 2 3 3 1 1 1 3 2 0 1 0 2 3 1 3 2 2 0 0 0 1 3 3 2 0 1 1 0 
time used:4.227s

7 9 2 1 9 2 5 7 2 5 1 11 8 9 5 1 6 12 10 3 4 8 11 10 12 13 3 4 8 12 13 15 14 3 4 8 12 13 15 14 7 2 1 5 10 11 13 15 14 7 3 4 8 12 15 14 11 10 9 13 14 15 
1 0 1 3 2 0 2 3 1 0 1 1 3 2 2 0 0 1 0 1 3 3 2 0 2 0 1 1 3 2 2 2 0 1 1 1 3 2 2 2 3 3 1 1 0 1 0 2 2 2 0 1 1 1 3 2 3 3 1 0 0 0 
time used:633.857s

9 12 13 5 1 9 7 11 2 4 12 13 9 7 11 2 15 3 2 15 4 11 15 8 14 1 5 9 13 15 7 14 10 6 1 5 9 13 14 10 6 2 3 4 8 7 11 12 
1 3 3 2 0 0 2 0 1 1 3 3 2 0 2 0 2 3 1 0 1 3 2 3 3 1 1 0 0 2 3 2 2 3 1 1 1 0 2 2 2 0 0 1 3 1 0 1 
time used:8.738s



result2!!!!!!!!!!!!
depth10
6 2 1 5 9 13 14 15 11 12
2 3 1 1 1 0 0 2 0 1
time used:0s

depth18
7 2 4 3 2 7 11 15 14 10 9 5 1 2 3 4 8 12
2 0 2 3 1 1 1 3 2 3 2 2 0 0 0 1 1 1
time used:0s

depth25
15 8 10 6 1 5 9 13 14 15 11 12 15 10 7 3 2 1 5 9 13 14 10 11 12
2 3 3 3 1 1 0 2 0 0 1 3 2 2 2 3 3 1 1 1 0 2 0 0 1
time used:0s

depth17
9 14 13 9 10 5 2 1 5 6 3 8 4 3 7 11 15
1 3 2 0 2 2 3 1 0 0 0 2 3 1 1 1 0
time used:0.015s

